{
    "camera_angle_x": 0.6911112070083618,
    "frames": [
        {
            "file_path": "results_train_200/r_0.exr",
            "transform_matrix": [
                [
                    -0.07222811132669449,
                    -0.5241653919219971,
                    0.8485482335090637,
                    2.5456440448760986
                ],
                [
                    0.9973879456520081,
                    -0.03795862942934036,
                    0.061449550092220306,
                    0.18434859812259674
                ],
                [
                    0.0,
                    0.8507701754570007,
                    0.5255382061004639,
                    1.576614260673523
                ],
                [
                    0.0,
                    0.0,
                    0.0,
                    1.0
                ]
            ],
            "hdri_path": "whipple_creek_regional_park_04-c36bcb14ec334fc3b9e64729fd4af56fadc6cfc8.hdr"
        },
        {
            "file_path": "results_train_200/r_1.exr",
            "transform_matrix": [
                [
                    0.7805325984954834,
                    0.08115477859973907,
                    -0.6198253035545349,
                    -1.85947585105896
                ],
                [
                    -0.6251158714294434,
                    0.10133153200149536,
                    -0.7739266753196716,
                    -2.32177996635437
                ],
                [
                    0.0,
                    0.9915368556976318,
                    0.1298236846923828,
                    0.38947105407714844
                ],
                [
                    0.0,
                    0.0,
                    0.0,
                    1.0
                ]
            ],
            "hdri_path": "glass_passage-db1d171e690e47f8a25844d2c259f603ff54996c.hdr"
        },
        {
            "file_path": "results_train_200/r_2.exr",
            "transform_matrix": [
                [
                    0.8712321519851685,
                    0.005097698420286179,
                    -0.49084436893463135,
                    -1.472533106803894
                ],
                [
                    -0.49087074398994446,
                    0.009047756902873516,
                    -0.8711854219436646,
                    -2.613556146621704
                ],
                [
                    4.656611485298612e-10,
                    0.9999465346336365,
                    0.010385005734860897,
                    0.031155016273260117
                ],
                [
                    0.0,
                    0.0,
                    0.0,
                    1.0
                ]
            ],
            "hdri_path": "autumn_crossing-ad057cdb845719ebc77596c5e4f7bd3c3dd9883b.hdr"
        },
        {
            "file_path": "results_train_200/r_3.exr",
            "transform_matrix": [
                [
                    0.14456570148468018,
                    0.15190576016902924,
                    0.9777653217315674,
                    2.9332964420318604
                ],
                [
                    0.9894952774047852,
                    -0.02219350077211857,
                    -0.14285194873809814,
                    -0.4285559356212616
                ],
                [
                    1.862645371275562e-09,
                    0.9881457686424255,
                    -0.153518408536911,
                    -0.4605553150177002
                ],
                [
                    0.0,
                    0.0,
                    0.0,
                    1.0
                ]
            ],
            "hdri_path": "small_cathedral_02_2k.hdr"
        },
        {
            "file_path": "results_train_200/r_4.exr",
            "transform_matrix": [
                [
                    -0.4097679555416107,
                    0.44845321774482727,
                    -0.7943424582481384,
                    -2.3830273151397705
                ],
                [
                    -0.9121898412704468,
                    -0.20145121216773987,
                    0.35682934522628784,
                    1.0704879760742188
                ],
                [
                    2.9802322387695312e-08,
                    0.8708083033561707,
                    0.4916227459907532,
                    1.4748681783676147
                ],
                [
                    0.0,
                    0.0,
                    0.0,
                    1.0
                ]
            ],
            "hdri_path": "lot_01-dad9497d050132d5d93bc03e38a16c500bb92520.hdr"
        },
        {
            "file_path": "results_train_200/r_5.exr",
            "transform_matrix": [
                [
                    0.9895074367523193,
                    -0.03489895910024643,
                    0.140204057097435,
                    0.4206121861934662
                ],
                [
                    0.14448224008083344,
                    0.2390105277299881,
                    -0.9602076411247253,
                    -2.8806231021881104
                ],
                [
                    0.0,
                    0.9703896641731262,
                    0.2415449470281601,
                    0.7246348857879639
                ],
                [
                    0.0,
                    0.0,
                    0.0,
                    1.0
                ]
            ],
            "hdri_path": "cloud_layers-609dd9b10055196da15838ef1e2ff0316bade143.hdr"
        },
        {
            "file_path": "results_train_200/r_6.exr",
            "transform_matrix": [
                [
                    -0.2651510536670685,
                    -0.7820309996604919,
                    0.5640232563018799,
                    1.69206964969635
                ],
                [
                    0.9642069339752197,
                    -0.21505378186702728,
                    0.15510296821594238,
                    0.46530890464782715
                ],
                [
                    1.4901162970204496e-08,
                    0.5849606394767761,
                    0.8110615611076355,
                    2.4331846237182617
                ],
                [
                    0.0,
                    0.0,
                    0.0,
                    1.0
                ]
            ],
            "hdri_path": "leadenhall_market_2k.hdr"
        },
        {
            "file_path": "results_train_200/r_7.exr",
            "transform_matrix": [
                [
                    -0.6461530923843384,
                    -0.14949116110801697,
                    -0.7484241127967834,
                    -2.245272159576416
                ],
                [
                    -0.7632078528404236,
                    0.1265634000301361,
                    0.6336367726325989,
                    1.9009101390838623
                ],
                [
                    0.0,
                    0.9806294441223145,
                    -0.19587217271327972,
                    -0.5876164436340332
                ],
                [
                    0.0,
                    0.0,
                    0.0,
                    1.0
                ]
            ],
            "hdri_path": "vulture_hide-842488cf8f277cbf21fdefec354066315c97efe2.hdr"
        },
        {
            "file_path": "results_train_200/r_8.exr",
            "transform_matrix": [
                [
                    -0.8979590535163879,
                    -0.04698384925723076,
                    0.43756383657455444,
                    1.3126914501190186
                ],
                [
                    0.44007906317710876,
                    -0.09586814790964127,
                    0.8928267955780029,
                    2.678480386734009
                ],
                [
                    -7.450580596923828e-09,
                    0.9942845702171326,
                    0.10676228255033493,
                    0.3202868402004242
                ],
                [
                    0.0,
                    0.0,
                    0.0,
                    1.0
                ]
            ],
            "hdri_path": "music_hall_02-1624f778d6b9158579fd6a1f9447b37df4527a47.hdr"
        },
        {
            "file_path": "results_train_200/r_9.exr",
            "transform_matrix": [
                [
                    0.17853932082653046,
                    0.2872561812400818,
                    0.9410676956176758,
                    2.8232016563415527
                ],
                [
                    0.9839327931404114,
                    -0.052124008536338806,
                    -0.17076122760772705,
                    -0.512283444404602
                ],
                [
                    0.0,
                    0.9564342498779297,
                    -0.2919471859931946,
                    -0.8758410811424255
                ],
                [
                    0.0,
                    0.0,
                    0.0,
                    1.0
                ]
            ],
            "hdri_path": "schadowplatz-68baffd3f594af349a5179dffb4d67c2d32f3e84.hdr"
        },
        {
            "file_path": "results_train_200/r_10.exr",
            "transform_matrix": [
                [
                    0.632764458656311,
                    0.3576272428035736,
                    -0.6868128180503845,
                    -2.060438394546509
                ],
                [
                    -0.7743443250656128,
                    0.2922392785549164,
                    -0.561237096786499,
                    -1.683711290359497
                ],
                [
                    1.4901161193847656e-08,
                    0.8869602680206299,
                    0.461845338344574,
                    1.3855359554290771
                ],
                [
                    0.0,
                    0.0,
                    0.0,
                    1.0
                ]
            ],
            "hdri_path": "pump_station_2k.hdr"
        },
        {
            "file_path": "results_train_200/r_11.exr",
            "transform_matrix": [
                [
                    0.672645628452301,
                    0.1333235502243042,
                    0.7278547883033752,
                    2.1835646629333496
                ],
                [
                    0.7399647831916809,
                    -0.1211942806839943,
                    -0.6616373062133789,
                    -1.9849121570587158
                ],
                [
                    0.0,
                    0.9836342334747314,
                    -0.1801755577325821,
                    -0.5405267477035522
                ],
                [
                    0.0,
                    0.0,
                    0.0,
                    1.0
                ]
            ],
            "hdri_path": "circus_maximus_2-df0560a92618d13e21ef5bcea90360d3dc10b84e.hdr"
        },
        {
            "file_path": "results_train_200/r_12.exr",
            "transform_matrix": [
                [
                    0.3467118740081787,
                    0.589981734752655,
                    -0.7291862368583679,
                    -2.187558650970459
                ],
                [
                    -0.9379721879959106,
                    0.21808075904846191,
                    -0.2695362865924835,
                    -0.8086088299751282
                ],
                [
                    0.0,
                    0.7774074673652649,
                    0.6289973258972168,
                    1.8869919776916504
                ],
                [
                    0.0,
                    0.0,
                    0.0,
                    1.0
                ]
            ],
            "hdri_path": "symmetrical_garden-252c06015a0d94a285d5ab5ae26286dc8465f78e.hdr"
        },
        {
            "file_path": "results_train_200/r_13.exr",
            "transform_matrix": [
                [
                    -0.9875158071517944,
                    0.03292704001069069,
                    0.15404000878334045,
                    0.4621202051639557
                ],
                [
                    0.15751993656158447,
                    0.20642447471618652,
                    0.9656996130943298,
                    2.8970999717712402
                ],
                [
                    3.725290298461914e-09,
                    0.9779083728790283,
                    -0.2090339958667755,
                    -0.6271021962165833
                ],
                [
                    0.0,
                    0.0,
                    0.0,
                    1.0
                ]
            ],
            "hdri_path": "red_hill_curve-7e7c9d98a939832660226806090d5bb482142222.hdr"
        },
        {
            "file_path": "results_train_200/r_14.exr",
            "transform_matrix": [
                [
                    -0.9173305034637451,
                    -0.19595502316951752,
                    0.34656378626823425,
                    1.0396913290023804
                ],
                [
                    0.39812666177749634,
                    -0.45150336623191833,
                    0.7985236048698425,
                    2.395570755004883
                ],
                [
                    0.0,
                    0.8704862594604492,
                    0.49219268560409546,
                    1.4765779972076416
                ],
                [
                    0.0,
                    0.0,
                    0.0,
                    1.0
                ]
            ],
            "hdri_path": "preller_drive-cd392b1bde4ca614b89266be86a31977d32ae9cc.hdr"
        },
        {
            "file_path": "results_train_200/r_15.exr",
            "transform_matrix": [
                [
                    -0.08595933765172958,
                    -0.1852690577507019,
                    0.9789210557937622,
                    2.936763048171997
                ],
                [
                    0.9962987303733826,
                    -0.01598476991057396,
                    0.08446002006530762,
                    0.25338006019592285
                ],
                [
                    1.862645371275562e-09,
                    0.9825575947761536,
                    0.18595737218856812,
                    0.5578721165657043
                ],
                [
                    0.0,
                    0.0,
                    0.0,
                    1.0
                ]
            ],
            "hdri_path": "snowy_forest_path_02-4a0d4744f0c08214c32a9a9b17853c2cb739d292.hdr"
        },
        {
            "file_path": "results_train_200/r_16.exr",
            "transform_matrix": [
                [
                    0.4209250807762146,
                    0.3082306385040283,
                    -0.8531213998794556,
                    -2.559364080429077
                ],
                [
                    -0.9070959091186523,
                    0.1430300921201706,
                    -0.39587897062301636,
                    -1.1876368522644043
                ],
                [
                    0.0,
                    0.940497636795044,
                    0.3397996127605438,
                    1.019398808479309
                ],
                [
                    0.0,
                    0.0,
                    0.0,
                    1.0
                ]
            ],
            "hdri_path": "fireplace-e8fd2718472c683e640fb7c9f6268dcb8aa170e2.hdr"
        },
        {
            "file_path": "results_train_200/r_17.exr",
            "transform_matrix": [
                [
                    -0.5707132816314697,
                    -0.25185757875442505,
                    0.7815715074539185,
                    2.344714403152466
                ],
                [
                    0.8211491703987122,
                    -0.17504549026489258,
                    0.5432060956954956,
                    1.6296182870864868
                ],
                [
                    0.0,
                    0.9518019556999207,
                    0.3067134618759155,
                    0.9201403260231018
                ],
                [
                    0.0,
                    0.0,
                    0.0,
                    1.0
                ]
            ],
            "hdri_path": "studio_small_07-4560dbc07f1d8780c6ec8c4998c0020896be2a34.hdr"
        },
        {
            "file_path": "results_train_200/r_18.exr",
            "transform_matrix": [
                [
                    0.3885195553302765,
                    0.4343303442001343,
                    -0.8126559257507324,
                    -2.4379677772521973
                ],
                [
                    -0.9214404821395874,
                    0.18313264846801758,
                    -0.34265124797821045,
                    -1.0279537439346313
                ],
                [
                    -1.4901161193847656e-08,
                    0.8819405436515808,
                    0.4713602662086487,
                    1.4140807390213013
                ],
                [
                    0.0,
                    0.0,
                    0.0,
                    1.0
                ]
            ],
            "hdri_path": "the_sky_is_on_fire_2k.hdr"
        },
        {
            "file_path": "results_train_200/r_19.exr",
            "transform_matrix": [
                [
                    -0.9271886348724365,
                    -0.13450808823108673,
                    0.34961363673210144,
                    1.0488407611846924
                ],
                [
                    0.3745960593223572,
                    -0.33293023705482483,
                    0.8653528690338135,
                    2.5960581302642822
                ],
                [
                    0.0,
                    0.9333081245422363,
                    0.3590753972530365,
                    1.0772260427474976
                ],
                [
                    0.0,
                    0.0,
                    0.0,
                    1.0
                ]
            ],
            "hdri_path": "reading_room-7c5c0018c91d4d6d1e1c2b6d602e5310266f7c55.hdr"
        },
        {
            "file_path": "results_train_200/r_20.exr",
            "transform_matrix": [
                [
                    0.4445034861564636,
                    -0.6181973218917847,
                    0.6482660174369812,
                    1.9447979927062988
                ],
                [
                    0.8957771062850952,
                    0.30676254630088806,
                    -0.32168325781822205,
                    -0.9650497436523438
                ],
                [
                    0.0,
                    0.7236911654472351,
                    0.690123975276947,
                    2.0703718662261963
                ],
                [
                    0.0,
                    0.0,
                    0.0,
                    1.0
                ]
            ],
            "hdri_path": "the_lost_city_2k.hdr"
        },
        {
            "file_path": "results_train_200/r_21.exr",
            "transform_matrix": [
                [
                    0.6299473643302917,
                    0.1581733077764511,
                    -0.7603601813316345,
                    -2.281080484390259
                ],
                [
                    -0.7766379117965698,
                    0.12829770147800446,
                    -0.6167441606521606,
                    -1.8502323627471924
                ],
                [
                    0.0,
                    0.9790405631065369,
                    0.20366424322128296,
                    0.6109927296638489
                ],
                [
                    0.0,
                    0.0,
                    0.0,
                    1.0
                ]
            ],
            "hdri_path": "vignaioli-0a5e7831e494d3b073b2538e0d45c156dadbb588.hdr"
        },
        {
            "file_path": "results_train_200/r_22.exr",
            "transform_matrix": [
                [
                    0.7391963005065918,
                    -0.05100983753800392,
                    0.6715556979179382,
                    2.014666795730591
                ],
                [
                    0.6734901070594788,
                    0.05598638951778412,
                    -0.7370731234550476,
                    -2.211219072341919
                ],
                [
                    0.0,
                    0.9971274137496948,
                    0.07573958486318588,
                    0.22721873223781586
                ],
                [
                    0.0,
                    0.0,
                    0.0,
                    1.0
                ]
            ],
            "hdri_path": "courtyard_night-14353bfcd8a49ed103a363e1efa40a6005523f52.hdr"
        },
        {
            "file_path": "results_train_200/r_23.exr",
            "transform_matrix": [
                [
                    -0.769991397857666,
                    0.1663914918899536,
                    -0.6159770488739014,
                    -1.847931146621704
                ],
                [
                    -0.6380550265312195,
                    -0.20079773664474487,
                    0.7433481216430664,
                    2.230044364929199
                ],
                [
                    1.4901168299275014e-08,
                    0.9653981924057007,
                    0.26077938079833984,
                    0.7823381423950195
                ],
                [
                    0.0,
                    0.0,
                    0.0,
                    1.0
                ]
            ],
            "hdri_path": "short_tunnel-e762113d4a06f10303d6eb171fdc6c3f097958bf.hdr"
        },
        {
            "file_path": "results_train_200/r_24.exr",
            "transform_matrix": [
                [
                    0.9939130544662476,
                    -0.05946260318160057,
                    0.0927421897649765,
                    0.2782265543937683
                ],
                [
                    0.11016766726970673,
                    0.5364609956741333,
                    -0.8367034792900085,
                    -2.510110378265381
                ],
                [
                    0.0,
                    0.8418276309967041,
                    0.5397464632987976,
                    1.619239330291748
                ],
                [
                    0.0,
                    0.0,
                    0.0,
                    1.0
                ]
            ],
            "hdri_path": "dirt_bike_track_01_2k.hdr"
        },
        {
            "file_path": "results_train_200/r_25.exr",
            "transform_matrix": [
                [
                    -0.13210216164588928,
                    0.3776455223560333,
                    -0.9164783358573914,
                    -2.7494356632232666
                ],
                [
                    -0.99123615026474,
                    -0.05032886937260628,
                    0.12213918566703796,
                    0.36641764640808105
                ],
                [
                    0.0,
                    0.9245815277099609,
                    0.3809843361377716,
                    1.1429532766342163
                ],
                [
                    0.0,
                    0.0,
                    0.0,
                    1.0
                ]
            ],
            "hdri_path": "noga-65adb1b1f2df6a629dde6b0c795379aa2e27d954.hdr"
        },
        {
            "file_path": "results_train_200/r_26.exr",
            "transform_matrix": [
                [
                    0.654242217540741,
                    0.1597057580947876,
                    0.7392300963401794,
                    2.2176902294158936
                ],
                [
                    0.7562851309776306,
                    -0.13815724849700928,
                    -0.6394884586334229,
                    -1.9184653759002686
                ],
                [
                    0.0,
                    0.977448582649231,
                    -0.21117150783538818,
                    -0.6335145235061646
                ],
                [
                    0.0,
                    0.0,
                    0.0,
                    1.0
                ]
            ],
            "hdri_path": "missile_launch_facility_01-14279352e77eeb8d5bef27db07ad7d9d7c08ea22.hdr"
        },
        {
            "file_path": "results_train_200/r_27.exr",
            "transform_matrix": [
                [
                    -0.2811017334461212,
                    -0.20082998275756836,
                    0.9384288787841797,
                    2.8152873516082764
                ],
                [
                    0.9596779942512512,
                    -0.058825619518756866,
                    0.2748775780200958,
                    0.824633002281189
                ],
                [
                    0.0,
                    0.9778583645820618,
                    0.20926803350448608,
                    0.6278042793273926
                ],
                [
                    0.0,
                    0.0,
                    0.0,
                    1.0
                ]
            ],
            "hdri_path": "bathroom-4221b5d98110ba4a7e40373baf4f527caa9fe38f.hdr"
        },
        {
            "file_path": "results_train_200/r_28.exr",
            "transform_matrix": [
                [
                    -0.9112015962600708,
                    0.003888077335432172,
                    0.41194242238998413,
                    1.2358274459838867
                ],
                [
                    0.4119608402252197,
                    0.008599900640547276,
                    0.9111607670783997,
                    2.733482837677002
                ],
                [
                    -2.3283064365386963e-10,
                    0.9999555349349976,
                    -0.009437975473701954,
                    -0.028313931077718735
                ],
                [
                    0.0,
                    0.0,
                    0.0,
                    1.0
                ]
            ],
            "hdri_path": "summer_stage_01-cab18615b5da399bc3401cf0df3297df28943201.hdr"
        },
        {
            "file_path": "results_train_200/r_29.exr",
            "transform_matrix": [
                [
                    -0.9752603769302368,
                    -0.07816551625728607,
                    0.20677869021892548,
                    0.6203359961509705
                ],
                [
                    0.22105944156646729,
                    -0.3448472321033478,
                    0.912257194519043,
                    2.73677134513855
                ],
                [
                    0.0,
                    0.9353983402252197,
                    0.35359513759613037,
                    1.0607852935791016
                ],
                [
                    0.0,
                    0.0,
                    0.0,
                    1.0
                ]
            ],
            "hdri_path": "night_bridge-ca03d86383528fcfe48d4cf76dc3a22d12bc2b11.hdr"
        },
        {
            "file_path": "results_train_200/r_30.exr",
            "transform_matrix": [
                [
                    0.2582910358905792,
                    0.029453342780470848,
                    0.9656185507774353,
                    2.8968541622161865
                ],
                [
                    0.9660671949386597,
                    -0.007874745875597,
                    -0.25817105174064636,
                    -0.7745128273963928
                ],
                [
                    0.0,
                    0.9995352029800415,
                    -0.030487895011901855,
                    -0.09146364033222198
                ],
                [
                    0.0,
                    0.0,
                    0.0,
                    1.0
                ]
            ],
            "hdri_path": "cayley_lookout-49404e66e05762e63e89ca3c1a5116f359ad31a9.hdr"
        },
        {
            "file_path": "results_train_200/r_31.exr",
            "transform_matrix": [
                [
                    -0.6247075796127319,
                    -0.4637953042984009,
                    0.6281993985176086,
                    1.8845981359481812
                ],
                [
                    0.7808591723442078,
                    -0.37104833126068115,
                    0.5025758147239685,
                    1.5077273845672607
                ],
                [
                    2.980233304583635e-08,
                    0.8044977784156799,
                    0.5939554572105408,
                    1.7818663120269775
                ],
                [
                    0.0,
                    0.0,
                    0.0,
                    1.0
                ]
            ],
            "hdri_path": "bergen-692efdbe44aabeeba5cc6275eb474ece22f483ac.hdr"
        },
        {
            "file_path": "results_train_200/r_32.exr",
            "transform_matrix": [
                [
                    -0.6281703114509583,
                    0.6690289378166199,
                    -0.39724358916282654,
                    -1.1917307376861572
                ],
                [
                    -0.7780759334564209,
                    -0.5401325225830078,
                    0.32070985436439514,
                    0.962129533290863
                ],
                [
                    -1.4901161193847656e-08,
                    0.5105460286140442,
                    0.8598504066467285,
                    2.5795512199401855
                ],
                [
                    0.0,
                    0.0,
                    0.0,
                    1.0
                ]
            ],
            "hdri_path": "studio_small_04-a836f799937f37f6088b6545dc4d4f6b528c5222.hdr"
        },
        {
            "file_path": "results_train_200/r_33.exr",
            "transform_matrix": [
                [
                    -0.4009804129600525,
                    0.11817522346973419,
                    0.9084323644638062,
                    2.725296974182129
                ],
                [
                    0.9160866737365723,
                    0.05172649770975113,
                    0.39763006567955017,
                    1.1928901672363281
                ],
                [
                    -3.725290298461914e-09,
                    0.9916446208953857,
                    -0.12900005280971527,
                    -0.3870001435279846
                ],
                [
                    0.0,
                    0.0,
                    0.0,
                    1.0
                ]
            ],
            "hdri_path": "stream-618325fed184a2e92d6719914fa054f27b4ce983.hdr"
        },
        {
            "file_path": "results_train_200/r_34.exr",
            "transform_matrix": [
                [
                    -0.968919038772583,
                    -0.03460853174328804,
                    -0.244945228099823,
                    -0.734835684299469
                ],
                [
                    -0.24737808108329773,
                    0.13555309176445007,
                    0.9593901634216309,
                    2.8781704902648926
                ],
                [
                    0.0,
                    0.9901652336120605,
                    -0.13990139961242676,
                    -0.4197041988372803
                ],
                [
                    0.0,
                    0.0,
                    0.0,
                    1.0
                ]
            ],
            "hdri_path": "chapmans_drive-17d828cdd4887690e81013100ca1540af2727b80.hdr"
        },
        {
            "file_path": "results_train_200/r_35.exr",
            "transform_matrix": [
                [
                    0.9924303889274597,
                    0.12254174053668976,
                    -0.008093238808214664,
                    -0.02427971549332142
                ],
                [
                    -0.12280873954296112,
                    0.9902727603912354,
                    -0.0654023215174675,
                    -0.1962069571018219
                ],
                [
                    -9.313225746154785e-10,
                    0.06590129435062408,
                    0.9978262186050415,
                    2.993478536605835
                ],
                [
                    0.0,
                    0.0,
                    0.0,
                    1.0
                ]
            ],
            "hdri_path": "kiara_5_noon-9201316c15b0537aca43647cbb121cb58bc4fc1a.hdr"
        },
        {
            "file_path": "results_train_200/r_36.exr",
            "transform_matrix": [
                [
                    -0.1884201467037201,
                    -0.5884047746658325,
                    0.7863063812255859,
                    2.358919143676758
                ],
                [
                    0.982088565826416,
                    -0.11288932710886002,
                    0.1508580446243286,
                    0.45257410407066345
                ],
                [
                    7.450580596923828e-09,
                    0.8006471991539001,
                    0.5991361737251282,
                    1.7974084615707397
                ],
                [
                    0.0,
                    0.0,
                    0.0,
                    1.0
                ]
            ],
            "hdri_path": "bismarckturm_2k.exr"
        },
        {
            "file_path": "results_train_200/r_37.exr",
            "transform_matrix": [
                [
                    -0.5695911049842834,
                    -0.12076357752084732,
                    -0.8130080699920654,
                    -2.4390242099761963
                ],
                [
                    -0.8219282031059265,
                    0.0836884081363678,
                    0.5634095072746277,
                    1.6902284622192383
                ],
                [
                    0.0,
                    0.9891473054885864,
                    -0.14692716300487518,
                    -0.44078147411346436
                ],
                [
                    0.0,
                    0.0,
                    0.0,
                    1.0
                ]
            ],
            "hdri_path": "lakeside_2k.hdr"
        },
        {
            "file_path": "results_train_200/r_38.exr",
            "transform_matrix": [
                [
                    -0.9993554949760437,
                    -0.022088859230279922,
                    0.028297951444983482,
                    0.0848938524723053
                ],
                [
                    0.0358983539044857,
                    -0.6149201393127441,
                    0.7877718806266785,
                    2.3633155822753906
                ],
                [
                    -1.862645149230957e-09,
                    0.7882799506187439,
                    0.6153168082237244,
                    1.8459503650665283
                ],
                [
                    0.0,
                    0.0,
                    0.0,
                    1.0
                ]
            ],
            "hdri_path": "carpentry_shop_02_2k.hdr"
        },
        {
            "file_path": "results_train_200/r_39.exr",
            "transform_matrix": [
                [
                    -0.9908699989318848,
                    -0.08651643991470337,
                    0.10340014100074768,
                    0.31020042300224304
                ],
                [
                    0.13482092320919037,
                    -0.6358548998832703,
                    0.7599420547485352,
                    2.2798261642456055
                ],
                [
                    0.0,
                    0.7669442296028137,
                    0.6417137384414673,
                    1.9251410961151123
                ],
                [
                    0.0,
                    0.0,
                    0.0,
                    1.0
                ]
            ],
            "hdri_path": "hamburg_hbf-d9b4ebad14fda24cd712b0a08218ff0198d44013.hdr"
        },
        {
            "file_path": "results_train_200/r_40.exr",
            "transform_matrix": [
                [
                    -0.2588805854320526,
                    -0.4361110031604767,
                    0.8618514537811279,
                    2.585554361343384
                ],
                [
                    0.9659094214439392,
                    -0.11688537150621414,
                    0.23099124431610107,
                    0.6929737329483032
                ],
                [
                    0.0,
                    0.8922693133354187,
                    0.4515031576156616,
                    1.3545094728469849
                ],
                [
                    0.0,
                    0.0,
                    0.0,
                    1.0
                ]
            ],
            "hdri_path": "mossy_forest-3f6f7db7083d0c689699513adb551e63a13f3e25.hdr"
        },
        {
            "file_path": "results_train_200/r_41.exr",
            "transform_matrix": [
                [
                    -0.6270544528961182,
                    -0.03340514749288559,
                    0.778258740901947,
                    2.3347766399383545
                ],
                [
                    0.7789754867553711,
                    -0.02689024992287159,
                    0.6264774203300476,
                    1.8794327974319458
                ],
                [
                    0.0,
                    0.9990801215171814,
                    0.04288342967629433,
                    0.12865032255649567
                ],
                [
                    0.0,
                    0.0,
                    0.0,
                    1.0
                ]
            ],
            "hdri_path": "kiara_1_dawn-4e584fe1c0222e493e3a96db466bc8bf1d2cbe54.hdr"
        },
        {
            "file_path": "results_train_200/r_42.exr",
            "transform_matrix": [
                [
                    -0.7951624393463135,
                    -0.05470381677150726,
                    -0.603924036026001,
                    -1.8117719888687134
                ],
                [
                    -0.606396496295929,
                    0.07173264026641846,
                    0.7919203042984009,
                    2.375760793685913
                ],
                [
                    0.0,
                    0.9959224462509155,
                    -0.09021132439374924,
                    -0.2706339657306671
                ],
                [
                    0.0,
                    0.0,
                    0.0,
                    1.0
                ]
            ],
            "hdri_path": "nagoya_wall_path-4b5cd3664cd485a1ea035c6420745f45967d4e86.hdr"
        },
        {
            "file_path": "results_train_200/r_43.exr",
            "transform_matrix": [
                [
                    0.9660114049911499,
