{
    "camera_angle_x": 0.6911112070083618,
    "frames": [
        {
            "file_path": "results_test_10/r_0.exr",
            "transform_matrix": [
                [
                    -0.6623693704605103,
                    -0.23140057921409607,
                    0.7125451564788818,
                    1.9951263666152954
                ],
                [
                    0.7491773962974548,
                    -0.2045879364013672,
                    0.6299817562103271,
                    1.763948917388916
                ],
                [
                    0.0,
                    0.9511032700538635,
                    0.30887290835380554,
                    0.8648441433906555
                ],
                [
                    0.0,
                    0.0,
                    0.0,
                    1.0
                ]
            ],
            "hdri_path": "studio_small_05-7002544cecca2cbcd11f194e20fc5da0d66956e6.hdr",
            "illum_idx": 150
        },
        {
            "file_path": "results_test_10/r_1.exr",
            "transform_matrix": [
                [
                    -0.13452905416488647,
                    -0.893040120601654,
                    -0.42939653992652893,
                    -1.20231032371521
                ],
                [
                    -0.9909096956253052,
                    0.1212419643998146,
                    0.058296240866184235,
                    0.16322946548461914
                ],
                [
                    -3.725290298461914e-09,
                    0.43333572149276733,
                    -0.9012325406074524,
                    -2.523451089859009
                ],
                [
                    0.0,
                    0.0,
                    0.0,
                    1.0
                ]
            ],
            "hdri_path": "versveldpas-7edbb3447723a6b9eeeaa38e46d610e6e6b5275e.hdr",
            "illum_idx": 60
        },
        {
            "file_path": "results_test_10/r_2.exr",
            "transform_matrix": [
                [
                    0.4923099875450134,
                    -0.1842266023159027,
                    0.8507005572319031,
                    2.3819615840911865
                ],
                [
                    0.8704200387001038,
                    0.10419865697622299,
                    -0.4811566472053528,
                    -1.347238540649414
                ],
                [
                    0.0,
                    0.9773449301719666,
                    0.21165256202220917,
                    0.5926271677017212
                ],
                [
                    0.0,
                    0.0,
                    0.0,
                    1.0
                ]
            ],
            "hdri_path": "dresden_moat-08eeea7d002307af9f6bfb31a74d65fe7f775034.hdr",
            "illum_idx": 139
        },
        {
            "file_path": "results_test_10/r_3.exr",
            "transform_matrix": [
                [
                    0.9693101048469543,
                    -0.07370351999998093,
                    -0.2345331311225891,
                    -0.6566927433013916
                ],
                [
                    -0.24584141373634338,
                    -0.2906001806259155,
                    -0.9247235059738159,
                    -2.5892257690429688
                ],
                [
                    7.450580596923828e-09,
                    0.9540017247200012,
                    -0.2998010814189911,
                    -0.839443027973175
                ],
                [
                    0.0,
                    0.0,
                    0.0,
                    1.0
                ]
            ],
            "hdri_path": "night_bridge-ca03d86383528fcfe48d4cf76dc3a22d12bc2b11.hdr",
            "illum_idx": 29
        },
        {
            "file_path": "results_test_10/r_4.exr",
            "transform_matrix": [
                [
                    0.5037523508071899,
                    0.14069966971874237,
                    0.8523128628730774,
                    2.3864760398864746
                ],
                [
                    0.8638482093811035,
                    -0.08204889297485352,
                    -0.4970254898071289,
                    -1.3916712999343872
                ],
                [
                    7.450581485102248e-09,
                    0.9866465926170349,
                    -0.1628754585981369,
                    -0.4560512900352478
                ],
                [
                    0.0,
                    0.0,
                    0.0,
                    1.0
                ]
            ],
            "hdri_path": "the_lost_city_2k.hdr",
            "illum_idx": 20
        },
        {
            "file_path": "results_test_10/r_5.exr",
            "transform_matrix": [
                [
                    0.7988306283950806,
                    -0.10162749886512756,
                    0.5929094552993774,
                    1.6601463556289673
                ],
                [
                    0.601556122303009,
                    0.1349552571773529,
                    -0.7873483300209045,
                    -2.204575300216675
                ],
                [
                    -7.450580596923828e-09,
                    0.9856261610984802,
                    0.16894102096557617,
                    0.4730348587036133
                ],
                [
                    0.0,
                    0.0,
                    0.0,
                    1.0
                ]
            ],
            "hdri_path": "piazza_san_marco-bd2004d07440e1e643ecfdab8d83b2929b0382bb.hdr",
            "illum_idx": 175
        },
        {
            "file_path": "results_test_10/r_6.exr",
            "transform_matrix": [
                [
                    -0.9022215008735657,
                    0.06736216694116592,
                    0.4259796440601349,
                    1.192742943763733
                ],
                [
                    0.4312729239463806,
                    0.1409214437007904,
                    0.891148030757904,
                    2.4952144622802734
                ],
                [
                    -3.725290298461914e-09,
                    0.9877264499664307,
                    -0.1561938226222992,
                    -0.43734270334243774
                ],
                [
                    0.0,
                    0.0,
                    0.0,
                    1.0
                ]
            ],
            "hdri_path": "carpentry_shop_02_2k.hdr",
            "illum_idx": 38
        },
        {
            "file_path": "results_test_10/r_7.exr",
            "transform_matrix": [
                [
                    0.05425009876489639,
                    -0.6980224847793579,
                    0.7140178680419922,
                    1.999250054359436
                ],
                [
                    0.9985274076461792,
                    0.03792363405227661,
                    -0.03879266604781151,
                    -0.10861945897340775
                ],
                [
                    1.862645149230957e-09,
                    0.715070903301239,
                    0.6990519762039185,
                    1.9573454856872559
                ],
                [
                    0.0,
                    0.0,
                    0.0,
                    1.0
                ]
            ],
            "hdri_path": "music_hall_02-1624f778d6b9158579fd6a1f9447b37df4527a47.hdr",
            "illum_idx": 8
        },
        {
            "file_path": "results_test_10/r_8.exr",
            "transform_matrix": [
                [
                    0.7417828440666199,
                    -0.21411170065402985,
                    0.6355425119400024,
                    1.7795190811157227
                ],
                [
                    0.6706401109695435,
                    0.236825093626976,
                    -0.7029621005058289,
                    -1.9682940244674683
                ],
                [
                    0.0,
                    0.9476655125617981,
                    0.319264680147171,
                    0.8939411640167236
                ],
                [
                    0.0,
                    0.0,
                    0.0,
                    1.0
                ]
            ],
            "hdri_path": "missile_launch_facility_02-594537d40b0d401bfa02fd29d90de71779450e0c.hdr",
            "illum_idx": 55
        },
        {
            "file_path": "results_test_10/r_9.exr",
            "transform_matrix": [
                [
                    0.0620400533080101,
                    -0.6161572337150574,
                    0.7851759791374207,
                    2.1984927654266357
                ],
                [
                    0.9980736970901489,
                    0.038300205022096634,
                    -0.04880637675523758,
                    -0.13665784895420074
                ],
                [
                    1.862645149230957e-09,
                    0.786691427230835,
                    0.6173464059829712,
                    1.7285698652267456
                ],
                [
                    0.0,
                    0.0,
                    0.0,
                    1.0
                ]
            ],
            "hdri_path": "dam_road-565a153ed57257ec8fd62c81b2c5c0ad685428d1.hdr",
            "illum_idx": 141
        }
    ]
}
